t Vext Gehp
0.000e+00 1.170e+00 3.400e+27
2.181e-04 1.165e+00 3.400e+27
4.362e-04 1.161e+00 3.400e+27
6.543e-04 1.156e+00 3.400e+27
8.724e-04 1.151e+00 3.400e+27
1.090e-03 1.147e+00 3.400e+27
1.309e-03 1.142e+00 3.400e+27
1.527e-03 1.137e+00 3.400e+27
1.745e-03 1.132e+00 3.400e+27
1.963e-03 1.128e+00 3.400e+27
2.181e-03 1.123e+00 3.400e+27
2.399e-03 1.118e+00 3.400e+27
2.617e-03 1.114e+00 3.400e+27
2.835e-03 1.109e+00 3.400e+27
3.053e-03 1.104e+00 3.400e+27
3.271e-03 1.100e+00 3.400e+27
3.490e-03 1.095e+00 3.400e+27
3.708e-03 1.090e+00 3.400e+27
3.926e-03 1.085e+00 3.400e+27
4.144e-03 1.081e+00 3.400e+27
4.362e-03 1.076e+00 3.400e+27
4.580e-03 1.071e+00 3.400e+27
4.798e-03 1.067e+00 3.400e+27
5.016e-03 1.062e+00 3.400e+27
5.234e-03 1.057e+00 3.400e+27
5.452e-03 1.053e+00 3.400e+27
5.671e-03 1.048e+00 3.400e+27
5.889e-03 1.043e+00 3.400e+27
6.107e-03 1.038e+00 3.400e+27
6.325e-03 1.034e+00 3.400e+27
6.543e-03 1.029e+00 3.400e+27
6.761e-03 1.024e+00 3.400e+27
6.979e-03 1.020e+00 3.400e+27
7.197e-03 1.015e+00 3.400e+27
7.415e-03 1.010e+00 3.400e+27
7.633e-03 1.006e+00 3.400e+27
7.852e-03 1.001e+00 3.400e+27
8.070e-03 9.961e-01 3.400e+27
8.288e-03 9.914e-01 3.400e+27
8.506e-03 9.867e-01 3.400e+27
8.724e-03 9.820e-01 3.400e+27
8.942e-03 9.773e-01 3.400e+27
9.160e-03 9.727e-01 3.400e+27
9.378e-03 9.680e-01 3.400e+27
9.596e-03 9.633e-01 3.400e+27
9.814e-03 9.586e-01 3.400e+27
1.003e-02 9.539e-01 3.400e+27
1.025e-02 9.492e-01 3.400e+27
1.047e-02 9.445e-01 3.400e+27
1.069e-02 9.398e-01 3.400e+27
1.090e-02 9.351e-01 3.400e+27
1.112e-02 9.304e-01 3.400e+27
1.134e-02 9.257e-01 3.400e+27
1.156e-02 9.210e-01 3.400e+27
1.178e-02 9.163e-01 3.400e+27
1.200e-02 9.116e-01 3.400e+27
1.221e-02 9.069e-01 3.400e+27
1.243e-02 9.022e-01 3.400e+27
1.265e-02 8.975e-01 3.400e+27
1.287e-02 8.928e-01 3.400e+27
1.309e-02 8.881e-01 3.400e+27
1.330e-02 8.834e-01 3.400e+27
1.352e-02 8.787e-01 3.400e+27
1.374e-02 8.740e-01 3.400e+27
1.396e-02 8.693e-01 3.400e+27
1.418e-02 8.646e-01 3.400e+27
1.439e-02 8.599e-01 3.400e+27
1.461e-02 8.552e-01 3.400e+27
1.483e-02 8.505e-01 3.400e+27
1.505e-02 8.458e-01 3.400e+27
1.527e-02 8.411e-01 3.400e+27
1.549e-02 8.364e-01 3.400e+27
1.570e-02 8.317e-01 3.400e+27
1.592e-02 8.270e-01 3.400e+27
1.614e-02 8.223e-01 3.400e+27
1.636e-02 8.176e-01 3.400e+27
1.658e-02 8.129e-01 3.400e+27
1.679e-02 8.082e-01 3.400e+27
1.701e-02 8.035e-01 3.400e+27
1.723e-02 7.988e-01 3.400e+27
1.745e-02 7.941e-01 3.400e+27
1.767e-02 7.894e-01 3.400e+27
1.788e-02 7.847e-01 3.400e+27
1.810e-02 7.800e-01 3.400e+27
1.832e-02 7.753e-01 3.400e+27
1.854e-02 7.706e-01 3.400e+27
1.876e-02 7.659e-01 3.400e+27
1.897e-02 7.612e-01 3.400e+27
1.919e-02 7.565e-01 3.400e+27
1.941e-02 7.518e-01 3.400e+27
1.963e-02 7.471e-01 3.400e+27
1.985e-02 7.424e-01 3.400e+27
2.007e-02 7.377e-01 3.400e+27
2.028e-02 7.330e-01 3.400e+27
2.050e-02 7.283e-01 3.400e+27
2.072e-02 7.236e-01 3.400e+27
2.094e-02 7.189e-01 3.400e+27
2.116e-02 7.142e-01 3.400e+27
2.137e-02 7.095e-01 3.400e+27
2.159e-02 7.048e-01 3.400e+27
2.181e-02 7.001e-01 3.400e+27
2.203e-02 6.954e-01 3.400e+27
2.225e-02 6.907e-01 3.400e+27
2.246e-02 6.860e-01 3.400e+27
2.268e-02 6.813e-01 3.400e+27
2.290e-02 6.766e-01 3.400e+27
2.312e-02 6.719e-01 3.400e+27
2.334e-02 6.672e-01 3.400e+27
2.355e-02 6.625e-01 3.400e+27
2.377e-02 6.578e-01 3.400e+27
2.399e-02 6.531e-01 3.400e+27
2.421e-02 6.484e-01 3.400e+27
2.443e-02 6.437e-01 3.400e+27
2.465e-02 6.390e-01 3.400e+27
2.486e-02 6.343e-01 3.400e+27
2.508e-02 6.296e-01 3.400e+27
2.530e-02 6.249e-01 3.400e+27
2.552e-02 6.202e-01 3.400e+27
2.574e-02 6.155e-01 3.400e+27
2.595e-02 6.108e-01 3.400e+27
2.617e-02 6.061e-01 3.400e+27
2.639e-02 6.014e-01 3.400e+27
2.661e-02 5.967e-01 3.400e+27
2.683e-02 5.920e-01 3.400e+27
2.704e-02 5.873e-01 3.400e+27
2.726e-02 5.827e-01 3.400e+27
2.748e-02 5.780e-01 3.400e+27
2.770e-02 5.733e-01 3.400e+27
2.792e-02 5.686e-01 3.400e+27
2.813e-02 5.639e-01 3.400e+27
2.835e-02 5.592e-01 3.400e+27
2.857e-02 5.545e-01 3.400e+27
2.879e-02 5.498e-01 3.400e+27
2.901e-02 5.451e-01 3.400e+27
2.923e-02 5.404e-01 3.400e+27
2.944e-02 5.357e-01 3.400e+27
2.966e-02 5.310e-01 3.400e+27
2.988e-02 5.263e-01 3.400e+27
3.010e-02 5.216e-01 3.400e+27
3.032e-02 5.169e-01 3.400e+27
3.053e-02 5.122e-01 3.400e+27
3.075e-02 5.075e-01 3.400e+27
3.097e-02 5.028e-01 3.400e+27
3.119e-02 4.981e-01 3.400e+27
3.141e-02 4.934e-01 3.400e+27
3.162e-02 4.887e-01 3.400e+27
3.184e-02 4.840e-01 3.400e+27
3.206e-02 4.793e-01 3.400e+27
3.228e-02 4.746e-01 3.400e+27
3.250e-02 4.699e-01 3.400e+27
3.271e-02 4.652e-01 3.400e+27
3.293e-02 4.605e-01 3.400e+27
3.315e-02 4.558e-01 3.400e+27
3.337e-02 4.511e-01 3.400e+27
3.359e-02 4.464e-01 3.400e+27
3.381e-02 4.417e-01 3.400e+27
3.402e-02 4.370e-01 3.400e+27
3.424e-02 4.323e-01 3.400e+27
3.446e-02 4.276e-01 3.400e+27
3.468e-02 4.229e-01 3.400e+27
3.490e-02 4.182e-01 3.400e+27
3.511e-02 4.135e-01 3.400e+27
3.533e-02 4.088e-01 3.400e+27
3.555e-02 4.041e-01 3.400e+27
3.577e-02 3.994e-01 3.400e+27
3.599e-02 3.947e-01 3.400e+27
3.620e-02 3.900e-01 3.400e+27
3.642e-02 3.853e-01 3.400e+27
3.664e-02 3.806e-01 3.400e+27
3.686e-02 3.759e-01 3.400e+27
3.708e-02 3.712e-01 3.400e+27
3.729e-02 3.665e-01 3.400e+27
3.751e-02 3.618e-01 3.400e+27
3.773e-02 3.571e-01 3.400e+27
3.795e-02 3.524e-01 3.400e+27
3.817e-02 3.477e-01 3.400e+27
3.839e-02 3.430e-01 3.400e+27
3.860e-02 3.383e-01 3.400e+27
3.882e-02 3.336e-01 3.400e+27
3.904e-02 3.289e-01 3.400e+27
3.926e-02 3.242e-01 3.400e+27
3.948e-02 3.195e-01 3.400e+27
3.969e-02 3.148e-01 3.400e+27
3.991e-02 3.101e-01 3.400e+27
4.013e-02 3.054e-01 3.400e+27
4.035e-02 3.007e-01 3.400e+27
4.057e-02 2.960e-01 3.400e+27
4.078e-02 2.913e-01 3.400e+27
4.100e-02 2.866e-01 3.400e+27
4.122e-02 2.819e-01 3.400e+27
4.144e-02 2.772e-01 3.400e+27
4.166e-02 2.725e-01 3.400e+27
4.187e-02 2.678e-01 3.400e+27
4.209e-02 2.631e-01 3.400e+27
4.231e-02 2.584e-01 3.400e+27
4.253e-02 2.537e-01 3.400e+27
4.275e-02 2.490e-01 3.400e+27
4.297e-02 2.443e-01 3.400e+27
4.318e-02 2.396e-01 3.400e+27
4.340e-02 2.349e-01 3.400e+27
4.362e-02 2.302e-01 3.400e+27
4.384e-02 2.255e-01 3.400e+27
4.406e-02 2.208e-01 3.400e+27
4.427e-02 2.161e-01 3.400e+27
4.449e-02 2.114e-01 3.400e+27
4.471e-02 2.067e-01 3.400e+27
4.493e-02 2.020e-01 3.400e+27
4.515e-02 1.973e-01 3.400e+27
4.536e-02 1.927e-01 3.400e+27
4.558e-02 1.880e-01 3.400e+27
4.580e-02 1.833e-01 3.400e+27
4.602e-02 1.786e-01 3.400e+27
4.624e-02 1.739e-01 3.400e+27
4.646e-02 1.692e-01 3.400e+27
4.667e-02 1.645e-01 3.400e+27
4.689e-02 1.598e-01 3.400e+27
4.711e-02 1.551e-01 3.400e+27
4.733e-02 1.504e-01 3.400e+27
4.755e-02 1.457e-01 3.400e+27
4.776e-02 1.410e-01 3.400e+27
4.798e-02 1.363e-01 3.400e+27
4.820e-02 1.316e-01 3.400e+27
4.842e-02 1.269e-01 3.400e+27
4.864e-02 1.222e-01 3.400e+27
4.885e-02 1.175e-01 3.400e+27
4.907e-02 1.128e-01 3.400e+27
4.929e-02 1.081e-01 3.400e+27
4.951e-02 1.034e-01 3.400e+27
4.973e-02 9.867e-02 3.400e+27
4.994e-02 9.398e-02 3.400e+27
5.016e-02 8.928e-02 3.400e+27
5.038e-02 8.458e-02 3.400e+27
5.060e-02 7.988e-02 3.400e+27
5.082e-02 7.518e-02 3.400e+27
5.104e-02 7.048e-02 3.400e+27
5.125e-02 6.578e-02 3.400e+27
5.147e-02 6.108e-02 3.400e+27
5.169e-02 5.639e-02 3.400e+27
5.191e-02 5.169e-02 3.400e+27
5.213e-02 4.699e-02 3.400e+27
5.234e-02 4.229e-02 3.400e+27
5.256e-02 3.759e-02 3.400e+27
5.278e-02 3.289e-02 3.400e+27
5.300e-02 2.819e-02 3.400e+27
5.322e-02 2.349e-02 3.400e+27
5.343e-02 1.880e-02 3.400e+27
5.365e-02 1.410e-02 3.400e+27
5.387e-02 9.398e-03 3.400e+27
5.409e-02 4.699e-03 3.400e+27
5.431e-02 0.000e+00 3.400e+27
5.452e-02 4.699e-03 3.400e+27
5.474e-02 9.398e-03 3.400e+27
5.496e-02 1.410e-02 3.400e+27
5.518e-02 1.880e-02 3.400e+27
5.540e-02 2.349e-02 3.400e+27
5.562e-02 2.819e-02 3.400e+27
5.583e-02 3.289e-02 3.400e+27
5.605e-02 3.759e-02 3.400e+27
5.627e-02 4.229e-02 3.400e+27
5.649e-02 4.699e-02 3.400e+27
5.671e-02 5.169e-02 3.400e+27
5.692e-02 5.639e-02 3.400e+27
5.714e-02 6.108e-02 3.400e+27
5.736e-02 6.578e-02 3.400e+27
5.758e-02 7.048e-02 3.400e+27
5.780e-02 7.518e-02 3.400e+27
5.801e-02 7.988e-02 3.400e+27
5.823e-02 8.458e-02 3.400e+27
5.845e-02 8.928e-02 3.400e+27
5.867e-02 9.398e-02 3.400e+27
5.889e-02 9.867e-02 3.400e+27
5.910e-02 1.034e-01 3.400e+27
5.932e-02 1.081e-01 3.400e+27
5.954e-02 1.128e-01 3.400e+27
5.976e-02 1.175e-01 3.400e+27
5.998e-02 1.222e-01 3.400e+27
6.020e-02 1.269e-01 3.400e+27
6.041e-02 1.316e-01 3.400e+27
6.063e-02 1.363e-01 3.400e+27
6.085e-02 1.410e-01 3.400e+27
6.107e-02 1.457e-01 3.400e+27
6.129e-02 1.504e-01 3.400e+27
6.150e-02 1.551e-01 3.400e+27
6.172e-02 1.598e-01 3.400e+27
6.194e-02 1.645e-01 3.400e+27
6.216e-02 1.692e-01 3.400e+27
6.238e-02 1.739e-01 3.400e+27
6.259e-02 1.786e-01 3.400e+27
6.281e-02 1.833e-01 3.400e+27
6.303e-02 1.880e-01 3.400e+27
6.325e-02 1.927e-01 3.400e+27
6.347e-02 1.973e-01 3.400e+27
6.368e-02 2.020e-01 3.400e+27
6.390e-02 2.067e-01 3.400e+27
6.412e-02 2.114e-01 3.400e+27
6.434e-02 2.161e-01 3.400e+27
6.456e-02 2.208e-01 3.400e+27
6.478e-02 2.255e-01 3.400e+27
6.499e-02 2.302e-01 3.400e+27
6.521e-02 2.349e-01 3.400e+27
6.543e-02 2.396e-01 3.400e+27
6.565e-02 2.443e-01 3.400e+27
6.587e-02 2.490e-01 3.400e+27
6.608e-02 2.537e-01 3.400e+27
6.630e-02 2.584e-01 3.400e+27
6.652e-02 2.631e-01 3.400e+27
6.674e-02 2.678e-01 3.400e+27
6.696e-02 2.725e-01 3.400e+27
6.717e-02 2.772e-01 3.400e+27
6.739e-02 2.819e-01 3.400e+27
6.761e-02 2.866e-01 3.400e+27
6.783e-02 2.913e-01 3.400e+27
6.805e-02 2.960e-01 3.400e+27
6.826e-02 3.007e-01 3.400e+27
6.848e-02 3.054e-01 3.400e+27
6.870e-02 3.101e-01 3.400e+27
6.892e-02 3.148e-01 3.400e+27
6.914e-02 3.195e-01 3.400e+27
6.936e-02 3.242e-01 3.400e+27
6.957e-02 3.289e-01 3.400e+27
6.979e-02 3.336e-01 3.400e+27
7.001e-02 3.383e-01 3.400e+27
7.023e-02 3.430e-01 3.400e+27
7.045e-02 3.477e-01 3.400e+27
7.066e-02 3.524e-01 3.400e+27
7.088e-02 3.571e-01 3.400e+27
7.110e-02 3.618e-01 3.400e+27
7.132e-02 3.665e-01 3.400e+27
7.154e-02 3.712e-01 3.400e+27
7.175e-02 3.759e-01 3.400e+27
7.197e-02 3.806e-01 3.400e+27
7.219e-02 3.853e-01 3.400e+27
7.241e-02 3.900e-01 3.400e+27
7.263e-02 3.947e-01 3.400e+27
7.284e-02 3.994e-01 3.400e+27
7.306e-02 4.041e-01 3.400e+27
7.328e-02 4.088e-01 3.400e+27
7.350e-02 4.135e-01 3.400e+27
7.372e-02 4.182e-01 3.400e+27
7.394e-02 4.229e-01 3.400e+27
7.415e-02 4.276e-01 3.400e+27
7.437e-02 4.323e-01 3.400e+27
7.459e-02 4.370e-01 3.400e+27
7.481e-02 4.417e-01 3.400e+27
7.503e-02 4.464e-01 3.400e+27
7.524e-02 4.511e-01 3.400e+27
7.546e-02 4.558e-01 3.400e+27
7.568e-02 4.605e-01 3.400e+27
7.590e-02 4.652e-01 3.400e+27
7.612e-02 4.699e-01 3.400e+27
7.633e-02 4.746e-01 3.400e+27
7.655e-02 4.793e-01 3.400e+27
7.677e-02 4.840e-01 3.400e+27
7.699e-02 4.887e-01 3.400e+27
7.721e-02 4.934e-01 3.400e+27
7.743e-02 4.981e-01 3.400e+27
7.764e-02 5.028e-01 3.400e+27
7.786e-02 5.075e-01 3.400e+27
7.808e-02 5.122e-01 3.400e+27
7.830e-02 5.169e-01 3.400e+27
7.852e-02 5.216e-01 3.400e+27
7.873e-02 5.263e-01 3.400e+27
7.895e-02 5.310e-01 3.400e+27
7.917e-02 5.357e-01 3.400e+27
7.939e-02 5.404e-01 3.400e+27
7.961e-02 5.451e-01 3.400e+27
7.982e-02 5.498e-01 3.400e+27
8.004e-02 5.545e-01 3.400e+27
8.026e-02 5.592e-01 3.400e+27
8.048e-02 5.639e-01 3.400e+27
8.070e-02 5.686e-01 3.400e+27
8.091e-02 5.733e-01 3.400e+27
8.113e-02 5.780e-01 3.400e+27
8.135e-02 5.827e-01 3.400e+27
8.157e-02 5.873e-01 3.400e+27
8.179e-02 5.920e-01 3.400e+27
8.201e-02 5.967e-01 3.400e+27
8.222e-02 6.014e-01 3.400e+27
8.244e-02 6.061e-01 3.400e+27
8.266e-02 6.108e-01 3.400e+27
8.288e-02 6.155e-01 3.400e+27
8.310e-02 6.202e-01 3.400e+27
8.331e-02 6.249e-01 3.400e+27
8.353e-02 6.296e-01 3.400e+27
8.375e-02 6.343e-01 3.400e+27
8.397e-02 6.390e-01 3.400e+27
8.419e-02 6.437e-01 3.400e+27
8.440e-02 6.484e-01 3.400e+27
8.462e-02 6.531e-01 3.400e+27
8.484e-02 6.578e-01 3.400e+27
8.506e-02 6.625e-01 3.400e+27
8.528e-02 6.672e-01 3.400e+27
8.549e-02 6.719e-01 3.400e+27
8.571e-02 6.766e-01 3.400e+27
8.593e-02 6.813e-01 3.400e+27
8.615e-02 6.860e-01 3.400e+27
8.637e-02 6.907e-01 3.400e+27
8.659e-02 6.954e-01 3.400e+27
8.680e-02 7.001e-01 3.400e+27
8.702e-02 7.048e-01 3.400e+27
8.724e-02 7.095e-01 3.400e+27
8.746e-02 7.142e-01 3.400e+27
8.768e-02 7.189e-01 3.400e+27
8.789e-02 7.236e-01 3.400e+27
8.811e-02 7.283e-01 3.400e+27
8.833e-02 7.330e-01 3.400e+27
8.855e-02 7.377e-01 3.400e+27
8.877e-02 7.424e-01 3.400e+27
8.898e-02 7.471e-01 3.400e+27
8.920e-02 7.518e-01 3.400e+27
8.942e-02 7.565e-01 3.400e+27
8.964e-02 7.612e-01 3.400e+27
8.986e-02 7.659e-01 3.400e+27
9.007e-02 7.706e-01 3.400e+27
9.029e-02 7.753e-01 3.400e+27
9.051e-02 7.800e-01 3.400e+27
9.073e-02 7.847e-01 3.400e+27
9.095e-02 7.894e-01 3.400e+27
9.117e-02 7.941e-01 3.400e+27
9.138e-02 7.988e-01 3.400e+27
9.160e-02 8.035e-01 3.400e+27
9.182e-02 8.082e-01 3.400e+27
9.204e-02 8.129e-01 3.400e+27
9.226e-02 8.176e-01 3.400e+27
9.247e-02 8.223e-01 3.400e+27
9.269e-02 8.270e-01 3.400e+27
9.291e-02 8.317e-01 3.400e+27
9.313e-02 8.364e-01 3.400e+27
9.335e-02 8.411e-01 3.400e+27
9.356e-02 8.458e-01 3.400e+27
9.378e-02 8.505e-01 3.400e+27
9.400e-02 8.552e-01 3.400e+27
9.422e-02 8.599e-01 3.400e+27
9.444e-02 8.646e-01 3.400e+27
9.465e-02 8.693e-01 3.400e+27
9.487e-02 8.740e-01 3.400e+27
9.509e-02 8.787e-01 3.400e+27
9.531e-02 8.834e-01 3.400e+27
9.553e-02 8.881e-01 3.400e+27
9.575e-02 8.928e-01 3.400e+27
9.596e-02 8.975e-01 3.400e+27
9.618e-02 9.022e-01 3.400e+27
9.640e-02 9.069e-01 3.400e+27
9.662e-02 9.116e-01 3.400e+27
9.684e-02 9.163e-01 3.400e+27
9.705e-02 9.210e-01 3.400e+27
9.727e-02 9.257e-01 3.400e+27
9.749e-02 9.304e-01 3.400e+27
9.771e-02 9.351e-01 3.400e+27
9.793e-02 9.398e-01 3.400e+27
9.814e-02 9.445e-01 3.400e+27
9.836e-02 9.492e-01 3.400e+27
9.858e-02 9.539e-01 3.400e+27
9.880e-02 9.586e-01 3.400e+27
9.902e-02 9.633e-01 3.400e+27
9.923e-02 9.680e-01 3.400e+27
9.945e-02 9.727e-01 3.400e+27
9.967e-02 9.773e-01 3.400e+27
9.989e-02 9.820e-01 3.400e+27
1.001e-01 9.867e-01 3.400e+27
1.003e-01 9.914e-01 3.400e+27
1.005e-01 9.961e-01 3.400e+27
1.008e-01 1.001e+00 3.400e+27
1.010e-01 1.006e+00 3.400e+27
1.012e-01 1.010e+00 3.400e+27
1.014e-01 1.015e+00 3.400e+27
1.016e-01 1.020e+00 3.400e+27
1.019e-01 1.024e+00 3.400e+27
1.021e-01 1.029e+00 3.400e+27
1.023e-01 1.034e+00 3.400e+27
1.025e-01 1.038e+00 3.400e+27
1.027e-01 1.043e+00 3.400e+27
1.029e-01 1.048e+00 3.400e+27
1.032e-01 1.053e+00 3.400e+27
1.034e-01 1.057e+00 3.400e+27
1.036e-01 1.062e+00 3.400e+27
1.038e-01 1.067e+00 3.400e+27
1.040e-01 1.071e+00 3.400e+27
1.043e-01 1.076e+00 3.400e+27
1.045e-01 1.081e+00 3.400e+27
1.047e-01 1.085e+00 3.400e+27
1.049e-01 1.090e+00 3.400e+27
1.051e-01 1.095e+00 3.400e+27
1.053e-01 1.100e+00 3.400e+27
1.056e-01 1.104e+00 3.400e+27
1.058e-01 1.109e+00 3.400e+27
1.060e-01 1.114e+00 3.400e+27
1.062e-01 1.118e+00 3.400e+27
1.064e-01 1.123e+00 3.400e+27
1.067e-01 1.128e+00 3.400e+27
1.069e-01 1.132e+00 3.400e+27
1.071e-01 1.137e+00 3.400e+27
1.073e-01 1.142e+00 3.400e+27
1.075e-01 1.147e+00 3.400e+27
1.077e-01 1.151e+00 3.400e+27
1.080e-01 1.156e+00 3.400e+27
1.082e-01 1.161e+00 3.400e+27
1.084e-01 1.165e+00 3.400e+27
1.086e-01 1.170e+00 3.400e+27
