0 0
1 0
2 0
3 0
4 0
5 0
6 0
7 0
8 0
9 0
10 5.6403e+21
11 5.9234e+21
12 6.2094e+21
13 6.4977e+21
14 6.788e+21
15 7.0799e+21
16 7.3731e+21
17 7.667e+21
18 7.9615e+21
19 8.256e+21
20 8.5502e+21
21 8.8438e+21
22 9.1363e+21
23 9.4274e+21
24 9.7167e+21
25 1.0004e+22
26 1.0289e+22
27 1.0571e+22
28 1.085e+22
29 1.1125e+22
30 1.1397e+22
31 1.1664e+22
32 1.1928e+22
33 1.2186e+22
34 1.244e+22
35 1.2689e+22
36 1.2932e+22
37 1.3169e+22
38 1.3401e+22
39 1.3627e+22
40 1.3846e+22
41 1.4059e+22
42 1.4265e+22
43 1.4464e+22
44 1.4656e+22
45 1.4841e+22
46 1.5019e+22
47 1.519e+22
48 1.5353e+22
49 1.5508e+22
50 1.5656e+22
51 1.5796e+22
52 1.5929e+22
53 1.6053e+22
54 1.617e+22
55 1.6279e+22
56 1.6381e+22
57 1.6474e+22
58 1.656e+22
59 1.6638e+22
60 1.6709e+22
61 1.6772e+22
62 1.6828e+22
63 1.6876e+22
64 1.6917e+22
65 1.6951e+22
66 1.6978e+22
67 1.6998e+22
68 1.7011e+22
69 1.7018e+22
70 1.7019e+22
71 1.7013e+22
72 1.7002e+22
73 1.6985e+22
74 1.6962e+22
75 1.6934e+22
76 1.6901e+22
77 1.6863e+22
78 1.6821e+22
79 1.6774e+22
80 1.6723e+22
81 1.6669e+22
82 1.6611e+22
83 1.655e+22
84 1.6486e+22
85 1.6419e+22
86 1.635e+22
87 1.6279e+22
88 1.6207e+22
89 1.6133e+22
90 1.6057e+22
91 1.5982e+22
92 1.5905e+22
93 1.5829e+22
94 1.5753e+22
95 1.5677e+22
96 1.5602e+22
97 1.5528e+22
98 1.5456e+22
99 1.5386e+22
100 1.5318e+22
101 1.5252e+22
102 1.5189e+22
103 1.5129e+22
104 1.5073e+22
105 1.502e+22
106 1.4972e+22
107 1.4927e+22
108 1.4888e+22
109 1.4853e+22
110 1.4824e+22
111 1.48e+22
112 1.4782e+22
113 1.477e+22
114 1.4765e+22
115 1.4766e+22
116 1.4774e+22
117 1.4789e+22
118 1.4812e+22
119 1.4842e+22
120 1.488e+22
121 1.4927e+22
122 1.4981e+22
123 1.5045e+22
124 1.5117e+22
125 1.5198e+22
126 1.5288e+22
127 1.5388e+22
128 1.5497e+22
129 1.5616e+22
130 0
131 0
132 0
133 0
134 0
135 0
136 0
137 0
138 0
139 0
140 0
141 0
142 0
143 0
144 0
145 0
146 0
147 0
148 0
149 0
150 0
151 0
152 0
153 0
154 0
155 0
156 0
157 0
158 0
159 0
160 0
161 0
162 0
163 0
164 0
165 0
166 0
167 0
168 0
169 0
